Reading phi_256_to20_k1_alpha1_sd3.ds2
First int value: 1
Second int value: 256
Values (double, 64-bit):
    -2.29429320     -1.72798081      3.53792578     -2.47813657     -1.35062565     -2.23190648      1.60697273      2.29134387      2.48438301     -2.28890101 
    -1.44011155     -0.24767759     -2.03372072      0.79272580      2.79522326      2.17451367     -2.42659151     -1.52630588     -2.88553166     -0.35218854 
     0.39642440     -0.83867537     -2.77202023      0.39227690     -2.30002775      2.37935674      0.43004543      0.13373153     -1.84173591      2.31708369 
     1.69938893      1.68551976     -2.55248977      1.70566855     -1.80831836     -0.76152277     -1.20424171      1.73259900     -1.61177156     -1.86145136 
    -3.10039778     -1.58656589     -0.78854232     -1.99252584      4.01367390      0.68609431     -2.95960482      2.41056519      2.30138109     -2.70354383 
    -1.08321601     -1.00257703      1.35842852     -0.71364358      0.64812018      0.44093835     -1.47587950     -4.00655798     -2.56692278     -0.17602275 
    -2.88793601      2.27405881     -3.34788831     -2.40301063     -2.98146174     -1.75621666      1.96155791     -1.04411080     -1.70781500      1.61105784 
    -0.84392918     -1.25123888     -3.11710070     -1.87309845      1.98969275      2.37224452      1.95458852     -0.33556547      1.93798792     -1.97084862 
     0.10248335     -2.58359162      1.37022022      4.88359870      2.76305323     -1.12325225      0.14279515      1.51007061     -0.04508665      3.10895756 
    -2.37956642     -2.02109167     -0.15006882      2.82736804      2.68456558     -2.81523092      2.54472353     -2.00902640      2.10754396     -2.30468412 
     2.74362410      2.26535827     -0.82971159      2.76811605      0.47047600      1.79432776      1.99876791     -0.71652814     -4.63443237      2.28183582 
    -2.74374384      1.56124563      1.05639334      1.76806904      1.26310243     -3.32646110     -2.49677587     -2.85139723      2.41082141      2.67322132 
     2.34106857     -2.02816716     -2.14175384     -1.16829888      0.30522884      1.85962964      1.98335588     -0.29164028      2.99219590     -1.23279775 
     0.54526825      2.59422734     -1.84253352      0.55711226      2.22075074      0.62176498      1.50988441      1.07792600      3.04682950      2.96864670 
    -1.56527435     -2.83850700      1.38829967      2.63271165      2.07115469     -1.27941089     -2.74972287      2.71597147      0.91570702      2.80269120 
    -1.97844501     -0.10252303     -2.87721750      0.98240907      0.41988859      0.56960399      1.86018460      0.71253397     -1.24514354      2.59655921 
    -1.47975151     -2.50062060     -2.76814733     -1.32846254     -0.97273989     -3.58124856      1.77436023     -1.09291963      2.30236073      2.34013193 
    -1.26586559     -2.40450627      2.64321758     -3.01915857     -2.91338728      1.57277962     -0.76182835     -2.52151750      1.14715843     -2.59364210 
    -2.86041896     -3.38414888      0.44542752     -2.59604380     -0.15424338     -0.82539439      1.11515284     -2.75595973      3.02873223      1.39311655 
     1.55517180     -1.59261194     -3.45838159     -2.58273686      1.67723318      2.75513710     -1.35830213      1.05228522     -1.47937519     -4.67774208 
    -1.28764012     -0.54886432     -1.34958360     -1.78601519      0.51878596     -1.23224230      2.92835708     -2.99056317     -2.78917700      0.93392285 
    -2.44261262     -0.33099345      0.76122402      1.14440755     -2.28426400     -1.35267480     -2.06136115     -1.81188441     -2.12376282     -2.33508515 
     2.72282479      1.83497566     -1.38645921     -1.34401202      2.39383145      1.97565162     -3.91163241     -2.10606333      0.48495886     -4.18642031 
    -3.74721910      0.20183211     -2.81349088     -1.51076168      1.55740957      0.84688773      2.42849060      1.34417400     -1.92245219     -2.50149455 
    -0.86349581      1.69689725      1.48533001     -1.74989824     -3.06415198     -1.44170724      2.80896843      1.52487161     -0.80349957      1.22884387 
    -2.63837101      2.41214719      1.78215529      1.84349970     -0.99206146     -4.76273482 
Total values read: 256
Reading out32_256_3_phi.ds2
First int value: 1
Second int value: 256
Values (float, 32-bit):
    1.869416    -1.727981    -2.572826    -0.352245     1.575836    -3.334262     3.261738     0.776287     2.484383    -1.691404 
   -5.880251    -0.247678    -2.929891     0.867159     1.679521     2.174514    -1.053169    -1.526306    -5.282337     1.568757 
   -7.367868    -1.971996    -2.772020     0.354391    -2.300028     3.305351     0.430045     0.411183    -1.841736     1.719250 
    1.699389     1.685520    -2.552490    -4.391922    -0.112709    -2.536666    -1.204242     1.732599    -3.869716    -1.861451 
   -2.095675    -1.586566     3.841173    -1.992526    -1.131149    -0.671747    -2.959605     3.793752     1.769057    -0.599458 
    0.998881    -0.180707    -0.556002     0.112359    -0.925819     2.029103     0.779765     0.377504     2.198466    -0.007716 
   -2.887936     4.640024    -1.632096    -2.335635    -5.229462    -0.298821    -0.781466    -1.044111    -1.707815    -1.248691 
    0.439426    -3.581516    -7.510000    -1.873098     0.426056     2.372245     2.692826    -0.335565     2.271262     2.888484 
   -2.136930    -2.583592     1.370220     0.674771    -2.313807     0.496113    -0.889576     1.510071     0.264678     2.601622 
    1.245353    -1.893043     1.140069    -0.269362     1.051329    -1.192428     3.092134     3.985416     3.304086    -2.304684 
    2.743624    -0.798018    -0.034950     5.860234    -2.529952     2.217607     4.468254    -0.716528    -4.273313     0.498392 
   -0.256792     1.561246     0.576897     1.768069    -6.641599    -2.240842    -5.537298    -1.735695     2.410821     2.657202 
    2.123363    -6.516834    -2.333292     0.697406     0.305229    -0.668128     0.787203    -0.291640     5.129169     0.949307 
    1.551093     5.157398    -3.711998     2.857149     2.220751     1.008447     3.333513    -1.058985     3.046829     1.584146 
   -4.468405    -2.838507     1.388300     0.299235     1.274756     0.688347    -3.718386     0.807872     1.285959     5.006490 
    3.298499    -3.608071    -4.118119     3.406753    -0.033756     2.296823    -0.393522     3.090173    -1.844674    -0.798327 
   -0.329921     1.078359    -3.069140    -2.999041     2.758131    -0.300104     2.511378    -1.699767     4.257590     1.954974 
   -1.016213    -2.404506     1.166631    -3.505782    -5.307141     1.572780    -0.302966    -3.431175     1.147158    -8.289684 
   -2.860419     3.459155     0.445428    -1.138805     0.229419    -0.094361     4.231234     0.111255     3.028732     1.864427 
    2.737761    -3.297075    -0.814380    -1.655464     0.220518     5.393086     0.967546     0.053660    -1.479375    -0.345338 
   -0.452193     2.808253    -1.460448    -4.477871     0.518786    -1.232242     0.770960    -5.884626    -0.612167     0.933923 
   -5.362982    -0.330993     2.255190     1.144408    -4.435483     6.036036   -11.121324    -1.472018    -5.837374    -2.081123 
    1.159438    -0.969038    -3.613206     0.385172     5.302522     0.361308    -2.754707     0.052926    -2.584870    -1.274771 
   -3.845614     0.585856    -6.309820    -1.564153     1.557410     0.846888     5.219505     3.672727     2.343002    -1.325269 
   -0.983824    -1.245162     3.280725    -1.749898    -0.300288    -2.286079     2.775002     5.310335     1.253930     3.088772 
    0.514951    -1.609883     3.748886    -2.021791     3.898034     1.034394 
Total values read: 256
Dataset file name: 'seq_256.ds2'
Sequence lenght: 256
